after addition:  [[[[0,[4,5]],[0,0]],[[[4,5],[2,6]],[9,5]]],[7,[[[3,7],[4,3]],[[6,3],[8,8]]]]]
after explode:   [[[[4,0],[5,0]],[[[4,5],[2,6]],[9,5]]],[7,[[[3,7],[4,3]],[[6,3],[8,8]]]]]
after split:     [[[[4,0],[5,0]],[[[4,5],[2,6]],[9,5]]],[7,[[[3,7],[4,3]],[[6,3],[8,8]]]]]
after explode:   [[[[4,0],[5,4]],[[0,[7,6]],[9,5]]],[7,[[[3,7],[4,3]],[[6,3],[8,8]]]]]
after split:     [[[[4,0],[5,4]],[[0,[7,6]],[9,5]]],[7,[[[3,7],[4,3]],[[6,3],[8,8]]]]]
after explode:   [[[[4,0],[5,4]],[[7,0],[15,5]]],[7,[[[3,7],[4,3]],[[6,3],[8,8]]]]]
after split:     [[[[4,0],[5,4]],[[7,0],[[7,8],5]]],[7,[[[3,7],[4,3]],[[6,3],[8,8]]]]]
after explode:   [[[[4,0],[5,4]],[[7,7],[0,13]]],[7,[[[3,7],[4,3]],[[6,3],[8,8]]]]]
after split:     [[[[4,0],[5,4]],[[7,7],[0,[6,7]]]],[7,[[[3,7],[4,3]],[[6,3],[8,8]]]]]
after explode:   [[[[4,0],[5,4]],[[7,7],[6,0]]],[14,[[[3,7],[4,3]],[[6,3],[8,8]]]]]
after split:     [[[[4,0],[5,4]],[[7,7],[6,0]]],[[7,7],[[[3,7],[4,3]],[[6,3],[8,8]]]]]
after explode:   [[[[4,0],[5,4]],[[7,7],[6,0]]],[[7,10],[[0,[11,3]],[[6,3],[8,8]]]]]
after split:     [[[[4,0],[5,4]],[[7,7],[6,0]]],[[7,[5,5]],[[0,[11,3]],[[6,3],[8,8]]]]]
after explode:   [[[[4,0],[5,4]],[[7,7],[6,0]]],[[7,[5,5]],[[11,0],[[9,3],[8,8]]]]]
after split:     [[[[4,0],[5,4]],[[7,7],[6,0]]],[[7,[5,5]],[[[5,6],0],[[9,3],[8,8]]]]]
after explode:   [[[[4,0],[5,4]],[[7,7],[6,0]]],[[7,[5,10]],[[0,6],[[9,3],[8,8]]]]]
after split:     [[[[4,0],[5,4]],[[7,7],[6,0]]],[[7,[5,[5,5]]],[[0,6],[[9,3],[8,8]]]]]
after explode:   [[[[4,0],[5,4]],[[7,7],[6,0]]],[[7,[10,0]],[[5,6],[[9,3],[8,8]]]]]
after split:     [[[[4,0],[5,4]],[[7,7],[6,0]]],[[7,[[5,5],0]],[[5,6],[[9,3],[8,8]]]]]
after explode:   [[[[4,0],[5,4]],[[7,7],[6,0]]],[[12,[0,5]],[[5,6],[[9,3],[8,8]]]]]
after split:     [[[[4,0],[5,4]],[[7,7],[6,0]]],[[[6,6],[0,5]],[[5,6],[[9,3],[8,8]]]]]
after explode:   [[[[4,0],[5,4]],[[7,7],[6,0]]],[[[6,6],[0,5]],[[5,15],[0,[11,8]]]]]
after split:     [[[[4,0],[5,4]],[[7,7],[6,0]]],[[[6,6],[0,5]],[[5,[7,8]],[0,[11,8]]]]]
after explode:   [[[[4,0],[5,4]],[[7,7],[6,0]]],[[[6,6],[0,5]],[[12,0],[8,[11,8]]]]]
after split:     [[[[4,0],[5,4]],[[7,7],[6,0]]],[[[6,6],[0,5]],[[[6,6],0],[8,[11,8]]]]]
after explode:   [[[[4,0],[5,4]],[[7,7],[6,0]]],[[[6,6],[0,11]],[[0,6],[8,[11,8]]]]]
after split:     [[[[4,0],[5,4]],[[7,7],[6,0]]],[[[6,6],[0,[5,6]]],[[0,6],[8,[11,8]]]]]
after explode:   [[[[4,0],[5,4]],[[7,7],[6,0]]],[[[6,6],[5,0]],[[6,6],[8,[11,8]]]]]
after split:     [[[[4,0],[5,4]],[[7,7],[6,0]]],[[[6,6],[5,0]],[[6,6],[8,[[5,6],8]]]]]
after explode:   [[[[4,0],[5,4]],[[7,7],[6,0]]],[[[6,6],[5,0]],[[6,6],[19,0]]]]
after split:     [[[[4,0],[5,4]],[[7,7],[6,0]]],[[[6,6],[5,0]],[[6,6],[[9,10],0]]]]
after explode:   [[[[4,0],[5,4]],[[7,7],[6,0]]],[[[6,6],[5,0]],[[6,15],[0,10]]]]
after split:     [[[[4,0],[5,4]],[[7,7],[6,0]]],[[[6,6],[5,0]],[[6,[7,8]],[0,10]]]]
after explode:   [[[[4,0],[5,4]],[[7,7],[6,0]]],[[[6,6],[5,0]],[[13,0],[8,10]]]]
after split:     [[[[4,0],[5,4]],[[7,7],[6,0]]],[[[6,6],[5,0]],[[[6,7],0],[8,10]]]]
after explode:   [[[[4,0],[5,4]],[[7,7],[6,0]]],[[[6,6],[5,6]],[[0,7],[8,10]]]]
after split:     [[[[4,0],[5,4]],[[7,7],[6,0]]],[[[6,6],[5,6]],[[0,7],[8,[5,5]]]]]
after explode:   [[[[4,0],[5,4]],[[7,7],[6,0]]],[[[6,6],[5,6]],[[0,7],[13,0]]]]
after split:     [[[[4,0],[5,4]],[[7,7],[6,0]]],[[[6,6],[5,6]],[[0,7],[[6,7],0]]]]
after explode:   [[[[4,0],[5,4]],[[7,7],[6,0]]],[[[6,6],[5,6]],[[0,13],[0,7]]]]
after split:     [[[[4,0],[5,4]],[[7,7],[6,0]]],[[[6,6],[5,6]],[[0,[6,7]],[0,7]]]]
after explode:   [[[[4,0],[5,4]],[[7,7],[6,0]]],[[[6,6],[5,6]],[[6,0],[7,7]]]]
after split:     [[[[4,0],[5,4]],[[7,7],[6,0]]],[[[6,6],[5,6]],[[6,0],[7,7]]]]
after explode:   [[[[4,0],[5,4]],[[7,7],[6,0]]],[[[6,6],[5,6]],[[6,0],[7,7]]]]
after split:     [[[[4,0],[5,4]],[[7,7],[6,0]]],[[[6,6],[5,6]],[[6,0],[7,7]]]]

  [[[0,[4,5]],[0,0]],[[[4,5],[2,6]],[9,5]]]
+ [7,[[[3,7],[4,3]],[[6,3],[8,8]]]]
= [[[[4,0],[5,4]],[[7,7],[6,0]]],[[8,[7,7]],[[7,9],[5,0]]]]